10 1 16384 10302 0.6287841796875
11 1 16384 6328 0.38623046875
12 1 16384 3685 0.22491455078125
13 1 16384 1948 0.118896484375
14 1 16384 959 0.05853271484375
15 1 16384 514 0.0313720703125
16 1 16384 279 0.01702880859375
17 1 16384 141 0.00860595703125
18 1 16384 127 0.00775146484375
19 1 16384 139 0.00848388671875
20 1 16384 153 0.00933837890625


10 2 16384 12250 0.7476806640625
11 2 16384 6383 0.38958740234375
12 2 16384 2452 0.149658203125
13 2 16384 872 0.05322265625
14 2 16383 230 0.014038942806567783
15 2 16384 66 0.0040283203125
16 2 16384 16 0.0009765625
17 2 16384 9 0.00054931640625
18 2 16384 4 0.000244140625
19 2 16384 15 0.00091552734375
20 2 16384 8 0.00048828125


10 3 16384 14358 0.8763427734375
11 3 16384 7850 0.4791259765625
12 3 16384 2470 0.1507568359375
13 3 16384 514 0.0313720703125
14 3 16384 76 0.004638671875
15 3 16384 14 0.0008544921875
16 3 16384 5 0.00030517578125
17 3 16384 3 0.00018310546875
18 3 16384 4 0.000244140625
19 3 16384 1 6.103515625e-05
20 3 16384 2 0.0001220703125


10 4 16384 15221 0.92901611328125
11 4 16384 9174 0.5599365234375
12 4 16384 2685 0.16387939453125
13 4 16384 394 0.0240478515625
14 4 16384 42 0.0025634765625
15 4 16383 3 0.00018311664530305805
16 4 16384 2 0.0001220703125
17 4 16384 2 0.0001220703125
18 4 16384 1 6.103515625e-05
19 4 16384 6 0.0003662109375
20 4 16384 1 6.103515625e-05


10 5 16384 15723 0.95965576171875
11 5 16384 10439 0.63714599609375
12 5 16384 2983 0.18206787109375
13 5 16384 349 0.02130126953125
14 5 16384 16 0.0009765625
15 5 16384 2 0.0001220703125
16 5 16384 1 6.103515625e-05
17 5 16384 2 0.0001220703125
18 5 16384 1 6.103515625e-05
19 5 16384 0 0.0
20 5 16384 2 0.0001220703125


10 6 16384 16091 0.98211669921875
11 6 16384 12148 0.741455078125
12 6 16384 3688 0.22509765625
13 6 16384 335 0.02044677734375
14 6 16384 19 0.00115966796875
15 6 16384 7 0.00042724609375
16 6 16384 2 0.0001220703125
17 6 16384 2 0.0001220703125
18 6 16384 3 0.00018310546875
19 6 16384 3 0.00018310546875
20 6 16384 0 0.0


10 7 16384 16260 0.992431640625
11 7 16384 13509 0.82452392578125
12 7 16384 4367 0.26654052734375
13 7 16384 359 0.02191162109375
14 7 16383 13 0.0007935054629799182
15 7 16384 1 6.103515625e-05
16 7 16384 2 0.0001220703125
17 7 16383 3 0.00018311664530305805
18 7 16384 1 6.103515625e-05
19 7 16384 1 6.103515625e-05
20 7 16384 4 0.000244140625


10 8 16384 16266 0.9927978515625
11 8 16384 14380 0.877685546875
12 8 16383 5262 0.32118659586156384
13 8 16384 439 0.02679443359375
14 8 16384 9 0.00054931640625
15 8 16384 4 0.000244140625
16 8 16384 1 6.103515625e-05
17 8 16384 0 0.0
18 8 16384 4 0.000244140625
19 8 16384 5 0.00030517578125
20 8 16384 2 0.0001220703125


